10010011
00000010
10100000
00000000
00010011
00000011
10100000
00000000
10010011
00000011
01010000
00000000
00010011
00001110
11110000
00000000
10010011
00001110
11110000
11111111
00010011
00001111
00000000
00000000
01100011
10000100
01100010
00000000
00010011
00000101
00010000
00000000
00010011
00000101
10110000
00000000
01100011
10010100
01110010
00000000
10010011
00000101
00010000
00000000
10010011
00000101
01100000
00000001
01100011
11000100
01010011
00000000
00010011
00000110
00010000
00000000
00010011
00000110
00010000
00000010
01100011
11010100
01110010
00000000
10010011
00000110
00010000
00000000
10010011
00000110
11000000
00000010
01100011
01100100
11011111
00000001
00010011
00000111
00010000
00000000
00010011
00000111
01110000
00000011
01100011
11110100
11101110
00000001
10010011
00000111
00010000
00000000
10010011
00000111
00100000
00000100
11101111
00000000
10000000
00000000
00010011
00000100
00110000
00000110
00010011
00000100
11010000
00000100
00010011
00000000
00000000
00000000
